437
0399 0025 0399 0025
0400 0025 0400 0025
0180 0026 0180 0026
0398 0026 0398 0026
0399 0026 0399 0026
0400 0026 0400 0026
0401 0026 0401 0026
0402 0026 0402 0026
0095 0027 0095 0027
0096 0027 0096 0027
0177 0027 0177 0027
0178 0027 0178 0027
0180 0027 0180 0027
0181 0027 0181 0027
0396 0027 0396 0027
0397 0027 0397 0027
0398 0027 0398 0027
0399 0027 0399 0027
0400 0027 0400 0027
0401 0027 0401 0027
0402 0027 0402 0027
0095 0028 0095 0028
0096 0028 0096 0028
0177 0028 0177 0028
0178 0028 0178 0028
0179 0028 0179 0028
0180 0028 0180 0028
0181 0028 0181 0028
0182 0028 0182 0028
0396 0028 0396 0028
0397 0028 0397 0028
0398 0028 0398 0028
0399 0028 0399 0028
0400 0028 0400 0028
0401 0028 0401 0028
0402 0028 0402 0028
0178 0029 0178 0029
0180 0029 0180 0029
0181 0029 0181 0029
0396 0029 0396 0029
0397 0029 0397 0029
0398 0029 0398 0029
0399 0029 0399 0029
0400 0029 0400 0029
0401 0029 0401 0029
0402 0029 0402 0029
0178 0030 0178 0030
0180 0030 0180 0030
0181 0030 0181 0030
0397 0030 0397 0030
0398 0030 0398 0030
0399 0030 0399 0030
0400 0030 0400 0030
0401 0030 0401 0030
0402 0030 0402 0030
0398 0031 0398 0031
0399 0031 0399 0031
0400 0031 0400 0031
0401 0031 0401 0031
0402 0031 0402 0031
0094 0032 0094 0032
0399 0032 0399 0032
0400 0032 0400 0032
0094 0033 0094 0033
0095 0033 0095 0033
0093 0034 0093 0034
0094 0034 0094 0034
0095 0034 0095 0034
0093 0035 0093 0035
0094 0035 0094 0035
0095 0035 0095 0035
0093 0036 0093 0036
0094 0036 0094 0036
0095 0036 0095 0036
0089 0041 0089 0041
0090 0041 0090 0041
0091 0041 0091 0041
0491 0054 0491 0054
0492 0054 0492 0054
0493 0054 0493 0054
0490 0055 0490 0055
0491 0055 0491 0055
0492 0055 0492 0055
0493 0055 0493 0055
0494 0055 0494 0055
0084 0056 0084 0056
0490 0056 0490 0056
0491 0056 0491 0056
0492 0056 0492 0056
0493 0056 0493 0056
0494 0056 0494 0056
0084 0057 0084 0057
0085 0057 0085 0057
0086 0057 0086 0057
0087 0057 0087 0057
0490 0057 0490 0057
0491 0057 0491 0057
0492 0057 0492 0057
0493 0057 0493 0057
0494 0057 0494 0057
0084 0058 0084 0058
0085 0058 0085 0058
0086 0058 0086 0058
0491 0058 0491 0058
0085 0059 0085 0059
0086 0059 0086 0059
0087 0059 0087 0059
0383 0121 0383 0121
0384 0121 0384 0121
0382 0122 0382 0122
0383 0122 0383 0122
0384 0122 0384 0122
0385 0122 0385 0122
0388 0122 0388 0122
0389 0122 0389 0122
0390 0122 0390 0122
0382 0123 0382 0123
0383 0123 0383 0123
0384 0123 0384 0123
0385 0123 0385 0123
0387 0123 0387 0123
0388 0123 0388 0123
0389 0123 0389 0123
0390 0123 0390 0123
0383 0124 0383 0124
0384 0124 0384 0124
0385 0124 0385 0124
0384 0125 0384 0125
0226 0145 0226 0145
0227 0145 0227 0145
0228 0145 0228 0145
0221 0146 0221 0146
0222 0146 0222 0146
0223 0146 0223 0146
0226 0146 0226 0146
0227 0146 0227 0146
0228 0146 0228 0146
0221 0147 0221 0147
0222 0147 0222 0147
0223 0147 0223 0147
0224 0147 0224 0147
0226 0147 0226 0147
0227 0147 0227 0147
0228 0147 0228 0147
0226 0148 0226 0148
0223 0149 0223 0149
0224 0149 0224 0149
0226 0149 0226 0149
0227 0149 0227 0149
0223 0150 0223 0150
0224 0150 0224 0150
0225 0150 0225 0150
0226 0150 0226 0150
0227 0150 0227 0150
0223 0151 0223 0151
0224 0151 0224 0151
0225 0151 0225 0151
0226 0151 0226 0151
0227 0151 0227 0151
0225 0152 0225 0152
0226 0152 0226 0152
0225 0153 0225 0153
0226 0153 0226 0153
0081 0171 0081 0171
0082 0171 0082 0171
0081 0172 0081 0172
0138 0245 0138 0245
0139 0245 0139 0245
0140 0245 0140 0245
0141 0245 0141 0245
0136 0246 0136 0246
0137 0246 0137 0246
0138 0246 0138 0246
0139 0246 0139 0246
0140 0246 0140 0246
0141 0246 0141 0246
0136 0247 0136 0247
0137 0247 0137 0247
0138 0247 0138 0247
0139 0247 0139 0247
0140 0247 0140 0247
0141 0247 0141 0247
0142 0247 0142 0247
0136 0248 0136 0248
0137 0248 0137 0248
0138 0248 0138 0248
0139 0248 0139 0248
0140 0248 0140 0248
0141 0248 0141 0248
0142 0248 0142 0248
0136 0249 0136 0249
0137 0249 0137 0249
0138 0249 0138 0249
0139 0249 0139 0249
0140 0249 0140 0249
0141 0249 0141 0249
0142 0249 0142 0249
0136 0250 0136 0250
0137 0250 0137 0250
0138 0250 0138 0250
0139 0250 0139 0250
0140 0250 0140 0250
0141 0250 0141 0250
0142 0250 0142 0250
0136 0251 0136 0251
0137 0251 0137 0251
0138 0251 0138 0251
0139 0251 0139 0251
0140 0251 0140 0251
0141 0251 0141 0251
0142 0251 0142 0251
0136 0252 0136 0252
0141 0252 0141 0252
0142 0252 0142 0252
0536 0255 0536 0255
0536 0256 0536 0256
0484 0264 0484 0264
0485 0264 0485 0264
0484 0266 0484 0266
0485 0267 0485 0267
0486 0267 0486 0267
0485 0268 0485 0268
0238 0373 0238 0373
0239 0373 0239 0373
0240 0373 0240 0373
0237 0374 0237 0374
0238 0374 0238 0374
0239 0374 0239 0374
0240 0374 0240 0374
0237 0375 0237 0375
0238 0375 0238 0375
0239 0375 0239 0375
0240 0375 0240 0375
0241 0375 0241 0375
0237 0376 0237 0376
0238 0376 0238 0376
0239 0376 0239 0376
0240 0376 0240 0376
0241 0376 0241 0376
0237 0377 0237 0377
0238 0377 0238 0377
0239 0377 0239 0377
0240 0377 0240 0377
0237 0378 0237 0378
0238 0378 0238 0378
0239 0378 0239 0378
0240 0378 0240 0378
0241 0378 0241 0378
0236 0379 0236 0379
0237 0379 0237 0379
0238 0379 0238 0379
0239 0379 0239 0379
0240 0379 0240 0379
0241 0379 0241 0379
0236 0380 0236 0380
0237 0380 0237 0380
0238 0380 0238 0380
0240 0380 0240 0380
0241 0380 0241 0380
0242 0380 0242 0380
0236 0381 0236 0381
0237 0381 0237 0381
0240 0381 0240 0381
0241 0381 0241 0381
0406 0394 0406 0394
0407 0394 0407 0394
0406 0395 0406 0395
0407 0395 0407 0395
0408 0395 0408 0395
0405 0396 0405 0396
0406 0396 0406 0396
0407 0396 0407 0396
0408 0396 0408 0396
0404 0397 0404 0397
0405 0397 0405 0397
0406 0397 0406 0397
0405 0398 0405 0398
0406 0398 0406 0398
0404 0399 0404 0399
0405 0399 0405 0399
0406 0399 0406 0399
0405 0400 0405 0400
0406 0400 0406 0400
0404 0402 0404 0402
0405 0402 0405 0402
0406 0402 0406 0402
0404 0403 0404 0403
0405 0403 0405 0403
0113 0480 0113 0480
0114 0480 0114 0480
0112 0481 0112 0481
0113 0481 0113 0481
0114 0481 0114 0481
0112 0482 0112 0482
0113 0482 0113 0482
0114 0482 0114 0482
0127 0490 0127 0490
0128 0490 0128 0490
0126 0491 0126 0491
0127 0491 0127 0491
0128 0491 0128 0491
0127 0492 0127 0492
0128 0492 0128 0492
0128 0493 0128 0493
0076 0495 0076 0495
0077 0495 0077 0495
0078 0495 0078 0495
0079 0495 0079 0495
0077 0496 0077 0496
0078 0496 0078 0496
0140 0632 0140 0632
0140 0645 0140 0645
0141 0645 0141 0645
0142 0645 0142 0645
0140 0646 0140 0646
0141 0646 0141 0646
0142 0646 0142 0646
0140 0647 0140 0647
0141 0647 0141 0647
0140 0648 0140 0648
0141 0648 0141 0648
0481 0657 0481 0657
0482 0657 0482 0657
0483 0657 0483 0657
0484 0657 0484 0657
0481 0658 0481 0658
0482 0658 0482 0658
0483 0658 0483 0658
0484 0658 0484 0658
0481 0659 0481 0659
0482 0659 0482 0659
0483 0659 0483 0659
0484 0659 0484 0659
0482 0660 0482 0660
0483 0660 0483 0660
0484 0660 0484 0660
0431 0704 0431 0704
0431 0705 0431 0705
0432 0705 0432 0705
0431 0706 0431 0706
0432 0706 0432 0706
0431 0707 0431 0707
0432 0707 0432 0707
0431 0708 0431 0708
0432 0708 0432 0708
0445 0763 0445 0763
0446 0763 0446 0763
0447 0763 0447 0763
0446 0764 0446 0764
0447 0764 0447 0764
0101 0816 0101 0816
0102 0816 0102 0816
0103 0816 0103 0816
0101 0817 0101 0817
0102 0817 0102 0817
0103 0817 0103 0817
0102 0818 0102 0818
0103 0818 0103 0818
0104 0818 0104 0818
0085 0823 0085 0823
0089 0827 0089 0827
0090 0827 0090 0827
0396 0845 0396 0845
0397 0845 0397 0845
0396 0846 0396 0846
0397 0846 0397 0846
0180 0850 0180 0850
0181 0850 0181 0850
0182 0850 0182 0850
0183 0850 0183 0850
0180 0851 0180 0851
0181 0851 0181 0851
0182 0851 0182 0851
0180 0852 0180 0852
0181 0852 0181 0852
0182 0852 0182 0852
0183 0852 0183 0852
0184 0852 0184 0852
0180 0853 0180 0853
0181 0853 0181 0853
0182 0853 0182 0853
0183 0853 0183 0853
0184 0853 0184 0853
0185 0853 0185 0853
0186 0853 0186 0853
0184 0854 0184 0854
0185 0854 0185 0854
0186 0854 0186 0854
0187 0854 0187 0854
0184 0855 0184 0855
0185 0855 0185 0855
0186 0855 0186 0855
0187 0855 0187 0855
0188 0855 0188 0855
0183 0856 0183 0856
0184 0856 0184 0856
0185 0856 0185 0856
0186 0856 0186 0856
0187 0856 0187 0856
0188 0856 0188 0856
0182 0857 0182 0857
0183 0857 0183 0857
0184 0857 0184 0857
0185 0857 0185 0857
0186 0857 0186 0857
0187 0857 0187 0857
0182 0858 0182 0858
0183 0858 0183 0858
0184 0858 0184 0858
0185 0858 0185 0858
0186 0858 0186 0858
0187 0858 0187 0858
0188 0858 0188 0858
0189 0858 0189 0858
0182 0859 0182 0859
0183 0859 0183 0859
0184 0859 0184 0859
0185 0859 0185 0859
0186 0859 0186 0859
0187 0859 0187 0859
0188 0859 0188 0859
0189 0859 0189 0859
0182 0860 0182 0860
0183 0860 0183 0860
0184 0860 0184 0860
0185 0860 0185 0860
0186 0860 0186 0860
0187 0860 0187 0860
0188 0860 0188 0860
0189 0860 0189 0860
0184 0861 0184 0861
0185 0861 0185 0861
0186 0861 0186 0861
0187 0861 0187 0861
0188 0861 0188 0861
0189 0861 0189 0861
0186 0862 0186 0862
